% shannon_process_rf
% Dense GMSK demodulator
%
% @param in RF input
% @param sps samples per second
%

function out = shannon_process_rf(in, sps, cps)

% demodulator constants (change these if needed)
bt = 0.5; % Gaussian filter -3dB bandwidth symbol time
tcr = 50781.25; % transmitter chip rate
fsearch = 1000; % frequency search space in Hz

pn = [-1, 1, 1,-1,-1, 1, 1, 1,-1, 1, 1, 1, 1,-1, 1,-1, 1, 1, 1, 1, 1,-1, 1,-1,-1,-1,-1, 1, 1, 1,-1,-1,-1, 1,-1, 1,-1,-1, 1,-1,-1,-1,-1,-1,-1, 1, 1, 1,-1, 1,-1, 1,-1, 1, 1,-1,-1,-1,-1,-1,-1, 1, 1,-1,-1,-1,-1,-1, 1,-1,-1,-1,-1, 1,-1, 1, 1, 1,-1,-1, 1,-1, 1, 1, 1, 1, 1, 1, 1, 1, 1,-1,-1, 1,-1,-1, 1, 1, 1,-1, 1,-1,-1,-1, 1,-1, 1,-1, 1, 1, 1,-1, 1,-1,-1,-1, 1,-1,-1,-1, 1, 1,-1, 1, 1, 1,-1, 1, 1,-1,-1,-1,-1, 1, 1, 1, 1,-1, 1,-1, 1,-1, 1,-1, 1,-1, 1,-1, 1, 1, 1, 1, 1,-1,-1, 1, 1,-1, 1, 1,-1,-1,-1,-1,-1, 1,-1,-1, 1, 1,-1,-1, 1, 1, 1, 1, 1,-1,-1, 1, 1,-1, 1,-1, 1,-1, 1,-1,-1, 1, 1, 1, 1, 1, 1,-1,-1,-1,-1, 1, 1,-1,-1, 1,-1, 1,-1,-1, 1,-1,-1,-1, 1, 1,-1,-1,-1,-1, 1,-1,-1, 1,-1, 1, 1, 1,-1,-1,-1,-1,-1,-1,-1,-1, 1,-1, 1, 1, 1, 1, 1,-1, 1, 1, 1,-1,-1,-1, 1,-1, 1,-1, 1,-1,-1,-1, 1, 1,-1,-1,-1,-1,-1,-1,-1,-1,-1, 1, 1, 1,-1,-1,-1,-1, 1, 1,-1, 1, 1,-1, 1,-1, 1,-1, 1, 1, 1,-1,-1, 1,-1,-1, 1, 1,-1, 1,-1, 1, 1,-1, 1, 1, 1,-1, 1,-1, 1, 1, 1, 1, 1,-1,-1,-1,-1, 1, 1, 1, 1, 1, 1,-1,-1, 1, 1,-1,-1, 1,-1,-1,-1,-1, 1, 1,-1, 1,-1, 1,-1,-1, 1, 1, 1, 1, 1,-1,-1,-1,-1, 1, 1,-1, 1,-1,-1, 1, 1,-1, 1,-1,-1, 1, 1,-1,-1, 1,-1, 1, 1, 1,-1,-1, 1, 1,-1, 1, 1, 1, 1,-1, 1,-1, 1,-1,-1,-1,-1,-1,-1,-1, 1, 1, 1, 1, 1, 1,-1,-1,-1,-1, 1,-1,-1, 1,-1,-1, 1,-1,-1, 1,-1, 1,-1,-1, 1,-1, 1, 1,-1, 1, 1, 1,-1,-1,-1,-1, 1,-1,-1,-1,-1,-1, 1,-1,-1,-1, 1, 1, 1,-1,-1, 1, 1,-1, 1,-1,-1, 1, 1, 1, 1, 1, 1,-1, 1, 1,-1, 1, 1, 1,-1, 1,-1,-1, 1, 1, 1,-1,-1, 1, 1,-1,-1,-1,-1, 1,-1,-1, 1, 1,-1,-1, 1,-1, 1, 1,-1,-1, 1, 1, 1,-1,-1, 1, 1, 1,-1, 1, 1, 1, 1, 1, 1,-1,-1,-1, 1,-1,-1, 1,-1, 1, 1,-1, 1, 1,-1, 1,-1, 1,-1, 1, 1, 1, 1,-1,-1,-1, 1, 1, 1, 1, 1, 1,-1, 1, 1, 1, 1, 1, 1, 1, 1,-1,-1,-1, 1, 1,-1,-1, 1, 1, 1,-1, 1,-1, 1, 1,-1,-1,-1,-1, 1, 1,-1, 1, 1, 1,-1,-1, 1,-1, 1, 1, 1,-1,-1, 1, 1,-1, 1,-1, 1, 1, 1,-1,-1,-1,-1,-1, 1, 1, 1,-1, 1,-1, 1, 1,-1,-1, 1,-1, 1, 1,-1,-1,-1,-1,-1,-1, 1,-1,-1,-1, 1,-1,-1,-1,-1,-1,-1,-1,-1,-1,-1,-1, 1,-1,-1,-1, 1, 1, 1,-1,-1, 1,-1, 1, 1, 1, 1,-1, 1,-1,-1, 1, 1,-1, 1, 1, 1,-1, 1, 1,-1,-1,-1, 1, 1,-1, 1, 1, 1, 1, 1,-1, 1, 1,-1, 1,-1, 1, 1,-1, 1, 1, 1, 1, 1, 1, 1, 1, 1, 1, 1, 1,-1,-1, 1, 1, 1, 1, 1, 1,-1, 1,-1, 1,-1,-1, 1, 1,-1, 1, 1, 1,-1, 1,-1, 1,-1,-1, 1, 1,-1,-1, 1,-1, 1, 1, 1, 1, 1, 1,-1, 1,-1, 1, 1, 1, 1,-1, 1, 1,-1, 1,-1,-1,-1, 1, 1, 1, 1, 1,-1, 1,-1,-1,-1,-1, 1, 1, 1, 1, 1, 1, 1, 1, 1,-1,-1, 1,-1, 1, 1,-1,-1,-1,-1,-1, 1,-1,-1,-1, 1, 1, 1, 1, 1,-1, 1, 1, 1, 1,-1, 1,-1,-1, 1, 1, 1,-1, 1,-1,-1,-1,-1,-1, 1,-1,-1,-1, 1, 1,-1,-1, 1,-1, 1, 1,-1, 1,-1,-1,-1, 1,-1, 1,-1, 1,-1,-1, 1,-1, 1,-1, 1,-1, 1, 1, 1, 1,-1,-1,-1,-1, 1, 1, 1,-1,-1, 1, 1, 1,-1,-1,-1, 1, 1,-1,-1,-1, 1, 1,-1,-1, 1,-1,-1, 1,-1, 1, 1, 1,-1,-1,-1,-1,-1, 1,-1, 1, 1,-1,-1, 1, 1,-1, 1, 1, 1, 1,-1, 1, 1,-1,-1, 1, 1,-1,-1,-1,-1,-1, 1,-1,-1,-1,-1,-1,-1,-1,-1, 1, 1, 1, 1, 1,-1, 1,-1,-1, 1,-1, 1,-1, 1,-1,-1, 1, 1, 1,-1, 1,-1, 1, 1,-1,-1,-1, 1,-1, 1, 1, 1,-1,-1, 1, 1, 1, 1,-1, 1,-1,-1, 1,-1, 1,-1,-1, 1,-1, 1,-1,-1, 1, 1,-1, 1, 1, 1,-1, 1,-1, 1,-1,-1,-1, 1,-1,-1, 1, 1, 1, 1,-1,-1,-1,-1, 1,-1,-1, 1,-1,-1, 1,-1,-1, 1,-1,-1,-1, 1, 1,-1, 1,-1,-1, 1, 1, 1,-1, 1, 1, 1, 1, 1, 1, 1,-1,-1,-1, 1,-1,-1,-1,-1, 1, 1,-1,-1, 1,-1, 1,-1, 1, 1,-1, 1, 1,-1,-1,-1, 1,-1, 1,-1,-1,-1, 1,-1,-1,-1, 1,-1, 1,-1,-1, 1, 1,-1, 1,-1,-1,-1,-1, 1, 1, 1,-1, 1,-1, 1, 1, 1, 1,-1,-1,-1, 1,-1,-1, 1, 1,-1,-1, 1, 1, 1,-1, 1, 1, 1,-1,-1,-1,-1, 1,-1, 1, 1,-1,-1,-1,-1,-1,-1,-1, 1, 1,-1, 1,-1,-1, 1, 1,-1, 1, 1,-1,-1,-1, 1,-1, 1,-1,-1,-1, 1, 1, 1,-1,-1, 1,-1,-1, 1,-1,-1,-1,-1,-1, 1, 1, 1,-1,-1, 1,-1,-1,-1, 1, 1, 1, 1,-1,-1,-1, 1,-1,-1,-1,-1,-1, 1,-1, 1, 1, 1,-1, 1,-1,-1, 1, 1,-1, 1,-1, 1, 1, 1,-1, 1,-1,-1,-1, 1, 1, 1, 1, 1,-1, 1, 1, 1, 1,-1, 1, 1, 1, 1,-1,-1,-1, 1, 1, 1,-1, 1,-1, 1,-1, 1, 1, 1, 1,-1, 1, 1, 1,-1,-1,-1,-1,-1, 1, 1, 1, 1, 1,-1, 1, 1,-1, 1, 1,-1, 1, 1,-1, 1,-1,-1, 1,-1, 1,-1,-1,-1, 1, 1, 1, 1,-1,-1, 1,-1, 1,-1,-1, 1,-1,-1, 1,-1, 1, 1, 1,-1, 1, 1,-1, 1, 1,-1,-1, 1,-1, 1,-1, 1, 1, 1,-1, 1,-1, 1, 1, 1,-1,-1,-1,-1, 1,-1,-1,-1,-1,-1,-1,-1, 1, 1, 1, 1, 1, 1,-1,-1,-1,-1, 1, 1,-1, 1, 1, 1,-1,-1, 1, 1, 1, 1,-1, 1,-1,-1, 1, 1,-1, 1, 1,-1, 1, 1,-1,-1, 1, 1, 1,-1,-1,-1, 1, 1,-1, 1,-1,-1,-1, 1,-1, 1,-1, 1,-1,-1, 1,-1,-1, 1,-1,-1, 1, 1, 1,-1,-1,-1,-1, 1,-1,-1,-1, 1, 1, 1, 1, 1, 1,-1,-1, 1, 1,-1, 1, 1,-1,-1, 1,-1,-1, 1,-1, 1,-1,-1, 1,-1,-1, 1, 1, 1, 1,-1,-1, 1,-1, 1, 1, 1, 1,-1,-1,-1,-1,-1,-1, 1, 1,-1,-1, 1,-1, 1, 1,-1,-1,-1,-1,-1,-1, 1, 1, 1, 1,-1,-1, 1,-1,-1,-1,-1, 1, 1,-1, 1, 1, 1, 1, 1,-1,-1,-1, 1,-1, 1,-1, 1,-1,-1,-1, 1,-1, 1,-1, 1, 1,-1, 1,-1,-1, 1,-1, 1, 1,-1,-1,-1,-1, 1,-1, 1, 1, 1, 1,-1,-1,-1,-1,-1,-1,-1,-1,-1, 1,-1,-1,-1,-1, 1,-1,-1, 1,-1,-1, 1, 1, 1,-1, 1, 1, 1,-1, 1,-1, 1, 1, 1, 1,-1,-1, 1,-1, 1,-1, 1, 1,-1,-1, 1,-1, 1, 1,-1, 1,-1,-1,-1, 1,-1, 1,-1,-1, 1,-1, 1, 1,-1, 1, 1,-1,-1,-1, 1,-1,-1, 1, 1, 1,-1,-1, 1, 1,-1,-1,-1, 1, 1, 1,-1,-1,-1, 1, 1, 1, 1, 1, 1, 1,-1,-1, 1, 1,-1, 1,-1, 1,-1, 1, 1,-1,-1, 1, 1, 1,-1,-1,-1, 1, 1, 1, 1, 1, 1, 1, 1,-1,-1, 1,-1,-1,-1, 1,-1, 1, 1, 1, 1, 1, 1, 1,-1,-1,-1,-1,-1, 1, 1,-1,-1,-1, 1,-1,-1,-1, 1,-1, 1,-1, 1, 1, 1, 1,-1,-1,-1, 1, 1,-1, 1, 1,-1, 1, 1,-1,-1,-1, 1,-1, 1,-1,-1,-1,-1,-1, 1,-1,-1,-1, 1,-1, 1, 1,-1,-1,-1, 1, 1,-1,-1,-1,-1,-1, 1, 1,-1, 1,-1,-1, 1, 1,-1, 1,-1,-1, 1,-1,-1,-1,-1, 1,-1,-1, 1, 1,-1,-1, 1,-1,-1, 1, 1,-1, 1,-1,-1,-1, 1,-1,-1,-1,-1, 1,-1,-1, 1, 1,-1,-1, 1,-1, 1,-1, 1,-1,-1,-1,-1,-1, 1,-1, 1, 1, 1,-1,-1,-1, 1, 1, 1,-1, 1,-1, 1,-1, 1,-1, 1, 1,-1,-1, 1,-1, 1, 1, 1, 1, 1, 1,-1,-1, 1, 1,-1, 1, 1, 1,-1, 1, 1, 1, 1,-1,-1,-1,-1, 1, 1,-1, 1, 1, 1, 1,-1,-1, 1,-1, 1, 1, 1, 1, 1,-1, 1,-1,-1,-1, 1,-1, 1, 1,-1,-1, 1,-1, 1,-1, 1,-1, 1, 1,-1, 1, 1,-1, 1, 1, 1,-1,-1,-1, 1, 1, 1, 1,-1, 1, 1, 1,-1,-1, 1, 1, 1,-1,-1, 1,-1, 1,-1,-1, 1, 1,-1, 1,-1, 1, 1,-1, 1,-1, 1, 1,-1, 1,-1,-1,-1, 1, 1, 1, 1, 1,-1,-1, 1,-1,-1,-1,-1,-1, 1,-1, 1,-1, 1, 1,-1,-1,-1, 1, 1,-1,-1,-1,-1,-1,-1, 1, 1, 1, 1, 1,-1,-1,-1, 1, 1,-1, 1,-1, 1, 1, 1,-1,-1,-1, 1, 1, 1,-1,-1,-1,-1, 1,-1, 1,-1,-1, 1, 1, 1, 1,-1, 1,-1, 1, 1, 1, 1,-1, 1,-1, 1, 1,-1, 1,-1,-1,-1,-1, 1, 1, 1,-1,-1,-1, 1,-1,-1,-1, 1, 1, 1,-1,-1, 1, 1, 1,-1, 1, 1, 1,-1, 1,-1, 1,-1,-1,-1,-1,-1,-1,-1, 1,-1, 1,-1,-1, 1,-1, 1,-1,-1, 1, 1,-1,-1, 1, 1,-1,-1, 1,-1, 1,-1, 1, 1,-1,-1, 1, 1,-1,-1, 1, 1,-1,-1, 1,-1, 1, 1, 1, 1, 1,-1, 1, 1, 1, 1,-1, 1, 1,-1, 1, 1,-1,-1, 1,-1,-1, 1,-1, 1,-1,-1, 1,-1,-1,-1,-1, 1, 1, 1, 1, 1,-1,-1, 1,-1,-1, 1,-1, 1, 1, 1,-1, 1,-1,-1,-1, 1, 1, 1,-1,-1,-1,-1,-1, 1, 1, 1, 1,-1, 1,-1,-1,-1,-1,-1,-1,-1, 1, 1,-1, 1, 1,-1,-1, 1,-1, 1, 1, 1,-1,-1, 1,-1,-1,-1,-1,-1, 1,-1,-1,-1,-1,-1, 1, 1, 1, 1,-1,-1, 1, 1,-1,-1,-1, 1, 1, 1,-1, 1,-1, 1, 1,-1,-1, 1,-1, 1,-1,-1, 1, 1,-1,-1,-1,-1, 1, 1,-1, 1, 1, 1, 1, 1,-1,-1, 1,-1,-1,-1,-1, 1,-1,-1, 1, 1, 1, 1,-1,-1,-1,-1,-1, 1, 1,-1,-1, 1,-1, 1,-1,-1, 1,-1,-1,-1,-1,-1, 1, 1, 1, 1, 1,-1, 1, 1, 1, 1,-1, 1, 1,-1,-1, 1, 1,-1, 1, 1, 1,-1, 1, 1, 1,-1, 1, 1, 1,-1,-1, 1,-1, 1, 1,-1,-1,-1,-1,-1, 1,-1,-1, 1,-1,-1, 1, 1,-1,-1,-1,-1,-1,-1,-1, 1, 1,-1,-1,-1,-1, 1,-1,-1,-1,-1, 1,-1, 1,-1,-1,-1,-1, 1,-1,-1,-1, 1,-1,-1,-1,-1, 1, 1, 1,-1,-1,-1, 1, 1,-1,-1,-1, 1, 1,-1,-1,-1, 1,-1,-1, 1, 1, 1,-1,-1, 1, 1, 1, 1, 1,-1, 1,-1,-1,-1, 1, 1,-1, 1, 1, 1, 1,-1, 1,-1, 1,-1,-1,-1,-1,-1,-1,-1, 1, 1,-1,-1, 1,-1, 1, 1, 1, 1, 1, 1, 1, 1, 1, 1, 1,-1,-1, 1, 1, 1,-1, 1,-1,-1,-1,-1,-1, 1, 1, 1,-1,-1, 1,-1,-1, 1,-1, 1, 1, 1, 1, 1, 1,-1, 1, 1,-1,-1,-1, 1,-1, 1,-1, 1,-1, 1,-1, 1,-1, 1,-1,-1,-1, 1, 1,-1, 1, 1,-1, 1, 1,-1, 1,-1,-1,-1, 1,-1,-1, 1,-1, 1,-1, 1, 1, 1,-1, 1, 1,-1, 1,-1,-1, 1, 1,-1,-1, 1,-1,-1,-1, 1, 1,-1,-1, 1,-1,-1, 1, 1, 1,-1, 1,-1,-1,-1,-1, 1,-1,-1, 1, 1,-1,-1, 1,-1, 1,-1,-1, 1, 1, 1, 1, 1,-1, 1, 1,-1,-1,-1,-1, 1,-1, 1, 1,-1, 1, 1, 1,-1,-1,-1, 1,-1, 1,-1,-1, 1, 1, 1, 1, 1,-1,-1, 1,-1, 1, 1,-1, 1,-1,-1,-1,-1,-1,-1, 1, 1,-1,-1,-1, 1, 1, 1, 1, 1,-1,-1, 1, 1,-1, 1,-1,-1, 1,-1, 1,-1,-1, 1, 1, 1,-1,-1, 1, 1,-1,-1, 1, 1,-1,-1,-1, 1,-1, 1,-1,-1,-1,-1,-1, 1,-1, 1,-1,-1,